{
 "cells": [
  {
   "cell_type": "code",
   "execution_count": 104,
   "metadata": {},
   "outputs": [],
   "source": [
    "import numpy as np # always need it\n",
    "import scipy as sp # often use it\n",
    "import pylab as pl # do the plots\n",
    "import seaborn as sns # for pretty plots\n",
    "import matplotlib.pyplot as plt # for pretty plots\n",
    "from mpl_toolkits.mplot3d import Axes3D\n",
    "\n",
    "import ot # ot "
   ]
  },
  {
   "cell_type": "code",
   "execution_count": 64,
   "metadata": {},
   "outputs": [],
   "source": [
    "def Convolution_Wasserstein(a, b, C, l):\n",
    "    u = np.ones(len(a))\n",
    "    K = np.exp(-C/l)\n",
    "    for i in range(len(a)):\n",
    "        v = b / (K.T @ u)\n",
    "        u = a / (K @ v)\n",
    "    T = np.diag(u) @ K @ np.diag(v)\n",
    "    return T"
   ]
  },
  {
   "cell_type": "code",
   "execution_count": 65,
   "metadata": {},
   "outputs": [],
   "source": [
    "def Wasserstein_barycentre(mu_i, alpha, Ht, a, ent_sharp = False, N = 2):\n",
    "    k = len(mu_i[0])\n",
    "    d = np.zeros((2, k))\n",
    "    v = np.ones((2,k))\n",
    "    w = np.ones((2,k))\n",
    "    for j in range(N):\n",
    "        mu = np.ones(k)\n",
    "        for i in range(2):\n",
    "            w[i] = mu_i[i]/(Ht @ (a*v[i]))\n",
    "            d[i] = v[i]*(Ht@(a*w[i]))\n",
    "            mu = mu*d[i]**alpha[i]\n",
    "\n",
    "        #entropic sharpening, optional\n",
    "        if (ent_sharp):\n",
    "            H_0 = H0(mu_i, a)\n",
    "            mu = entropic_sharpening(mu, H_0, a)\n",
    "\n",
    "        for i in range(2):\n",
    "            v[i] = v[i]*mu/d[i]\n",
    "\n",
    "    return mu\n",
    "\n",
    "\n"
   ]
  },
  {
   "cell_type": "code",
   "execution_count": 66,
   "metadata": {},
   "outputs": [],
   "source": [
    "def entropic_sharpening(mu, H0, a):\n",
    "    beta = 1\n",
    "    if(H(mu, a) + np.transpose(a)*mu > H0 + 1 ):\n",
    "        beta = sp.optimize.root(np.transpose(a)*mu**beta + H(mu**beta, a) - (1 + H0), beta > 0)\n",
    "    return mu**beta"
   ]
  },
  {
   "cell_type": "code",
   "execution_count": 67,
   "metadata": {},
   "outputs": [],
   "source": [
    "def H(mu, a):\n",
    "    sum = 0\n",
    "    for i in range(len(mu)):\n",
    "        sum -= a[i] * mu[i] * np.log(mu[i])\n",
    "    return sum"
   ]
  },
  {
   "cell_type": "code",
   "execution_count": 68,
   "metadata": {},
   "outputs": [],
   "source": [
    "def H0(mu_i,a):\n",
    "    for i in range(len(mu_i)):\n",
    "        h = H(mu_i[i],a)\n",
    "        if(h > H0):\n",
    "            H0 = h \n",
    "    return h"
   ]
  },
  {
   "cell_type": "code",
   "execution_count": 69,
   "metadata": {},
   "outputs": [],
   "source": [
    "def Wasserstein_propagation(V, E, V0, mu_V0, Ht, a, alpha, N = 2):\n",
    "    m = len(V)\n",
    "    ne = len(E)\n",
    "    m0,k0 = np.shape(mu_V0)\n",
    "    v = np.ones((ne,k0))\n",
    "    w = np.ones((k,k0))\n",
    "    mu = np.ones((m,k0))\n",
    "    d = np.zeros((ne,k0))\n",
    "    for j in range(N):\n",
    "        for i in range(m):\n",
    "            if (V[i] in V0):\n",
    "                mu[i] = V0(V0.index(V[i]))\n",
    "                for l in range(k): #on parcourt les aretes\n",
    "                    e = E[l]\n",
    "                    if e[1] == V[i] :\n",
    "                        w[l] = mu / Ht @ (a * v[l])\n",
    "                    if e[0] == V[i] :\n",
    "                        v[l] = mu / Ht @ (a * w[l])\n",
    "            else:\n",
    "                omega = 0\n",
    "                for l in range(k):\n",
    "                    e = E[l]\n",
    "                    if(e[1]==V[i] or e[0]==V[i]):\n",
    "                        omega += alpha[l]\n",
    "                for l in range(k): #on parcourt les aretes\n",
    "                    e = E[l]\n",
    "                    if e[1] == V[i] :\n",
    "                        d[l] = w[l] * Ht @ (a * v[l])\n",
    "                    if e[0] == V[i] :\n",
    "                        d[l] = v[l] * Ht @ (a * w[l])\n",
    "                    mu[i] = mu[i] * d[l]**(alpha[l]/omega)\n",
    "                for l in range(k): #on parcourt les aretes\n",
    "                    e = E[l]\n",
    "                    if e[1] == V[i] :\n",
    "                        w[l] = w[l] * mu[i]/d[l]\n",
    "                    if e[0] == V[i] :\n",
    "                        v[l] = v[l] * mu[i]/d[l]\n",
    "    return mu"
   ]
  },
  {
   "cell_type": "code",
   "execution_count": 106,
   "metadata": {},
   "outputs": [
    {
     "name": "stdout",
     "output_type": "stream",
     "text": [
      "[0.00045405 0.00045405 0.00045405 0.00045405 0.00045405 0.00045405\n",
      " 0.00045405 0.00045405 0.00045405 0.00045405 0.00045405 0.00045405\n",
      " 0.00045405 0.00045405 0.00045405 0.00045405 0.00045405 0.00045405\n",
      " 0.00045405 0.00045405 0.00045405 0.00045405 0.00045405 0.00045405\n",
      " 0.00045405 0.00045405 0.00045405 0.00045405 0.00045405 0.00045405\n",
      " 0.00045405 0.00045405 0.00045405 0.00045405 0.00045405 0.00045405\n",
      " 0.00045405 0.00045405 0.00045405 0.00045405 0.00045405 0.00045405\n",
      " 0.00045405 0.00045405 0.00045405 0.00045405 0.00045405 0.00045405\n",
      " 0.00045405 0.00045405 0.00045405 0.00045405 0.00045405 0.00045405\n",
      " 0.00045405 0.00045405 0.00045405 0.00045405 0.00045405 0.00045405\n",
      " 0.00045405 0.00045405 0.00045405 0.00045405 0.00045405 0.00045405\n",
      " 0.00045405 0.00045405 0.00045405 0.00045405 0.00045405 0.00045405\n",
      " 0.00045405 0.00045405 0.00045405 0.00045405 0.00045405 0.00045405\n",
      " 0.00045405 0.00045405 0.00045405 0.00045405 0.00045405 0.00045405\n",
      " 0.00045405 0.00045405 0.00045405 0.00045405 0.00045405 0.00045405\n",
      " 0.00045405 0.00045405 0.00045405 0.00045405 0.00045405 0.00045405\n",
      " 0.00045405 0.00045405 0.00045405 0.00045405 0.00045405 0.00045405\n",
      " 0.00045405 0.00045405 0.00045405 0.00045405 0.00045405 0.00045405\n",
      " 0.00045405 0.00045405 0.00045405 0.00045405 0.00045405 0.00045405\n",
      " 0.00045405 0.00045405 0.00045405 0.00045405 0.00045405 0.00045405\n",
      " 0.00045405 0.00045405 0.00045405 0.00045405 0.00045405 0.00045405\n",
      " 0.00045405 0.00045405 0.00045405 0.00045405 0.00045405 0.00045405\n",
      " 0.00045405 0.04540525 0.04540525 0.04540525 0.04540525 0.04540525\n",
      " 0.00045405 0.00045405 0.00045405 0.00045405 0.00045405 0.04540525\n",
      " 0.04540525 0.04540525 0.04540525 0.04540525 0.00045405 0.00045405\n",
      " 0.00045405 0.00045405 0.00045405 0.04540525 0.04540525 0.04540525\n",
      " 0.04540525 0.04540525 0.00045405 0.00045405 0.00045405 0.00045405\n",
      " 0.00045405 0.04540525 0.04540525 0.04540525 0.04540525 0.04540525\n",
      " 0.00045405 0.00045405 0.00045405 0.00045405 0.00045405 0.04540525\n",
      " 0.04540525 0.04540525 0.04540525 0.04540525 0.00045405 0.00045405\n",
      " 0.00045405 0.00045405 0.00045405 0.00045405 0.00045405 0.00045405\n",
      " 0.00045405 0.00045405 0.00045405 0.00045405 0.00045405 0.00045405\n",
      " 0.00045405 0.00045405 0.00045405 0.00045405 0.00045405 0.00045405\n",
      " 0.00045405 0.00045405 0.00045405 0.00045405 0.00045405 0.00045405\n",
      " 0.00045405 0.00045405 0.00045405 0.00045405 0.00045405 0.00045405\n",
      " 0.00045405 0.00045405 0.00045405 0.00045405 0.00045405 0.00045405\n",
      " 0.00045405 0.00045405 0.00045405 0.00045405 0.00045405 0.00045405\n",
      " 0.00045405 0.04540525 0.04540525 0.04540525 0.04540525 0.04540525\n",
      " 0.00045405 0.00045405 0.00045405 0.00045405 0.04540525 0.04540525\n",
      " 0.04540525 0.04540525 0.04540525 0.04540525 0.04540525 0.00045405\n",
      " 0.00045405 0.00045405 0.04540525 0.04540525 0.04540525 0.04540525\n",
      " 0.04540525 0.04540525 0.04540525 0.00045405 0.00045405 0.00045405\n",
      " 0.04540525 0.04540525 0.04540525 0.04540525 0.04540525 0.04540525\n",
      " 0.04540525 0.00045405 0.00045405 0.00045405 0.04540525 0.04540525\n",
      " 0.04540525 0.04540525 0.04540525 0.04540525 0.04540525 0.00045405\n",
      " 0.00045405 0.00045405 0.04540525 0.04540525 0.04540525 0.04540525\n",
      " 0.04540525 0.04540525 0.04540525 0.00045405 0.00045405 0.00045405\n",
      " 0.00045405 0.04540525 0.04540525 0.04540525 0.04540525 0.04540525\n",
      " 0.00045405 0.00045405 0.00045405 0.00045405 0.00045405 0.00045405\n",
      " 0.00045405 0.00045405 0.00045405 0.00045405 0.00045405 0.00045405\n",
      " 0.00045405 0.00045405 0.00045405 0.00045405 0.00045405 0.00045405\n",
      " 0.00045405 0.00045405 0.00045405 0.00045405 0.00045405 0.00045405\n",
      " 0.00045405 0.04540525 0.04540525 0.04540525 0.04540525 0.04540525\n",
      " 0.00045405 0.00045405 0.00045405 0.00045405 0.04540525 0.04540525\n",
      " 0.04540525 0.04540525 0.04540525 0.04540525 0.04540525 0.00045405\n",
      " 0.00045405 0.04540525 0.04540525 0.04540525 0.04540525 0.04540525\n",
      " 0.04540525 0.04540525 0.04540525 0.04540525 0.00045405 0.04540525\n",
      " 0.04540525 0.04540525 0.04540525 0.04540525 0.04540525 0.04540525\n",
      " 0.04540525 0.04540525 0.00045405 0.04540525 0.04540525 0.04540525\n",
      " 0.04540525 0.04540525 0.04540525 0.04540525 0.04540525 0.04540525\n",
      " 0.00045405 0.04540525 0.04540525 0.04540525 0.04540525 0.04540525\n",
      " 0.04540525 0.04540525 0.04540525 0.04540525 0.00045405 0.04540525\n",
      " 0.04540525 0.04540525 0.04540525 0.04540525 0.04540525 0.04540525\n",
      " 0.04540525 0.04540525 0.00045405 0.00045405 0.04540525 0.04540525\n",
      " 0.04540525 0.04540525 0.04540525 0.04540525 0.04540525 0.00045405\n",
      " 0.00045405 0.00045405 0.00045405 0.04540525 0.04540525 0.04540525\n",
      " 0.04540525 0.04540525 0.00045405 0.00045405 0.00045405 0.00045405\n",
      " 0.00045405 0.00045405 0.00045405 0.00045405 0.00045405 0.00045405\n",
      " 0.00045405 0.00045405 0.00045405 0.00045405 0.00045405 0.04540525\n",
      " 0.04540525 0.04540525 0.04540525 0.04540525 0.00045405 0.00045405\n",
      " 0.00045405 0.00045405 0.04540525 0.04540525 0.04540525 0.04540525\n",
      " 0.04540525 0.04540525 0.04540525 0.00045405 0.00045405 0.04540525\n",
      " 0.04540525 0.04540525 0.04540525 0.04540525 0.04540525 0.04540525\n",
      " 0.04540525 0.04540525 0.00045405 0.04540525 0.04540525 0.04540525\n",
      " 0.04540525 0.04540525 0.04540525 0.04540525 0.04540525 0.04540525\n",
      " 0.00045405 0.04540525 0.04540525 0.04540525 0.04540525 0.04540525\n",
      " 0.04540525 0.04540525 0.04540525 0.04540525 0.00045405 0.04540525\n",
      " 0.04540525 0.04540525 0.04540525 0.04540525 0.04540525 0.04540525\n",
      " 0.04540525 0.04540525 0.00045405 0.04540525 0.04540525 0.04540525\n",
      " 0.04540525 0.04540525 0.04540525 0.04540525 0.04540525 0.04540525\n",
      " 0.00045405 0.00045405 0.04540525 0.04540525 0.04540525 0.04540525\n",
      " 0.04540525 0.04540525 0.04540525 0.00045405 0.00045405 0.00045405\n",
      " 0.00045405 0.04540525 0.04540525 0.04540525 0.04540525 0.04540525\n",
      " 0.00045405 0.00045405 0.00045405 0.00045405 0.00045405 0.00045405\n",
      " 0.00045405 0.00045405 0.00045405 0.00045405 0.00045405 0.00045405\n",
      " 0.00045405 0.00045405 0.00045405 0.04540525 0.04540525 0.04540525\n",
      " 0.04540525 0.04540525 0.00045405 0.00045405 0.00045405 0.00045405\n",
      " 0.04540525 0.04540525 0.04540525 0.04540525 0.04540525 0.04540525\n",
      " 0.04540525 0.00045405 0.00045405 0.04540525 0.04540525 0.04540525\n",
      " 0.04540525 0.04540525 0.04540525 0.04540525 0.04540525 0.04540525\n",
      " 0.00045405 0.04540525 0.04540525 0.04540525 0.04540525 0.04540525\n",
      " 0.04540525 0.04540525 0.04540525 0.04540525 0.00045405 0.04540525\n",
      " 0.04540525 0.04540525 0.04540525 0.04540525 0.04540525 0.04540525\n",
      " 0.04540525 0.04540525 0.00045405 0.04540525 0.04540525 0.04540525\n",
      " 0.04540525 0.04540525 0.04540525 0.04540525 0.04540525 0.04540525\n",
      " 0.00045405 0.04540525 0.04540525 0.04540525 0.04540525 0.04540525\n",
      " 0.04540525 0.04540525 0.04540525 0.04540525 0.00045405 0.00045405\n",
      " 0.04540525 0.04540525 0.04540525 0.04540525 0.04540525 0.04540525\n",
      " 0.04540525 0.00045405 0.00045405 0.00045405 0.00045405 0.04540525\n",
      " 0.04540525 0.04540525 0.04540525 0.04540525 0.00045405 0.00045405\n",
      " 0.00045405 0.00045405 0.00045405 0.00045405 0.00045405 0.00045405\n",
      " 0.00045405 0.00045405 0.00045405 0.00045405 0.00045405 0.00045405\n",
      " 0.00045405 0.04540525 0.04540525 0.04540525 0.04540525 0.04540525\n",
      " 0.00045405 0.00045405 0.00045405 0.00045405 0.04540525 0.04540525\n",
      " 0.04540525 0.04540525 0.04540525 0.04540525 0.04540525 0.00045405\n",
      " 0.00045405 0.04540525 0.04540525 0.04540525 0.04540525 0.04540525\n",
      " 0.04540525 0.04540525 0.04540525 0.04540525 0.00045405 0.04540525\n",
      " 0.04540525 0.04540525 0.04540525 0.04540525 0.04540525 0.04540525\n",
      " 0.04540525 0.04540525 0.00045405 0.04540525 0.04540525 0.04540525\n",
      " 0.04540525 0.04540525 0.04540525 0.04540525 0.04540525 0.04540525\n",
      " 0.00045405 0.04540525 0.04540525 0.04540525 0.04540525 0.04540525\n",
      " 0.04540525 0.04540525 0.04540525 0.04540525 0.00045405 0.04540525\n",
      " 0.04540525 0.04540525 0.04540525 0.04540525 0.04540525 0.04540525\n",
      " 0.04540525 0.04540525 0.00045405 0.00045405 0.04540525 0.04540525\n",
      " 0.04540525 0.04540525 0.04540525 0.04540525 0.04540525 0.00045405\n",
      " 0.00045405 0.00045405 0.00045405 0.04540525 0.04540525 0.04540525\n",
      " 0.04540525 0.04540525 0.00045405 0.00045405 0.00045405 0.00045405\n",
      " 0.00045405 0.00045405 0.00045405 0.00045405 0.00045405 0.00045405\n",
      " 0.00045405 0.00045405 0.00045405 0.00045405 0.00045405 0.04540525\n",
      " 0.04540525 0.04540525 0.04540525 0.04540525 0.00045405 0.00045405\n",
      " 0.00045405 0.00045405 0.04540525 0.04540525 0.04540525 0.04540525\n",
      " 0.04540525 0.04540525 0.04540525 0.00045405 0.00045405 0.04540525\n",
      " 0.04540525 0.04540525 0.04540525 0.04540525 0.04540525 0.04540525\n",
      " 0.04540525 0.04540525 0.00045405 0.04540525 0.04540525 0.04540525\n",
      " 0.04540525 0.04540525 0.04540525 0.04540525 0.04540525 0.04540525\n",
      " 0.00045405 0.04540525 0.04540525 0.04540525 0.04540525 0.04540525\n",
      " 0.04540525 0.04540525 0.04540525 0.04540525 0.00045405 0.04540525\n",
      " 0.04540525 0.04540525 0.04540525 0.04540525 0.04540525 0.04540525\n",
      " 0.04540525 0.04540525 0.00045405 0.04540525 0.04540525 0.04540525\n",
      " 0.04540525 0.04540525 0.04540525 0.04540525 0.04540525 0.04540525\n",
      " 0.00045405 0.00045405 0.04540525 0.04540525 0.04540525 0.04540525\n",
      " 0.04540525 0.04540525 0.04540525 0.00045405 0.00045405 0.00045405\n",
      " 0.00045405 0.04540525 0.04540525 0.04540525 0.04540525 0.04540525\n",
      " 0.00045405 0.00045405 0.00045405 0.00045405 0.00045405 0.00045405\n",
      " 0.00045405 0.00045405 0.00045405 0.00045405 0.00045405 0.00045405\n",
      " 0.00045405 0.00045405 0.00045405 0.00045405 0.00045405 0.00045405\n",
      " 0.00045405 0.00045405 0.00045405 0.00045405 0.00045405 0.00045405\n",
      " 0.00045405 0.04540525 0.04540525 0.04540525 0.04540525 0.04540525\n",
      " 0.00045405 0.00045405 0.00045405 0.00045405 0.04540525 0.04540525\n",
      " 0.04540525 0.04540525 0.04540525 0.04540525 0.04540525 0.00045405\n",
      " 0.00045405 0.00045405 0.04540525 0.04540525 0.04540525 0.04540525\n",
      " 0.04540525 0.04540525 0.04540525 0.00045405 0.00045405 0.00045405\n",
      " 0.04540525 0.04540525 0.04540525 0.04540525 0.04540525 0.04540525\n",
      " 0.04540525 0.00045405 0.00045405 0.00045405 0.04540525 0.04540525\n",
      " 0.04540525 0.04540525 0.04540525 0.04540525 0.04540525 0.00045405\n",
      " 0.00045405 0.00045405 0.04540525 0.04540525 0.04540525 0.04540525\n",
      " 0.04540525 0.04540525 0.04540525 0.00045405 0.00045405 0.00045405\n",
      " 0.00045405 0.04540525 0.04540525 0.04540525 0.04540525 0.04540525\n",
      " 0.00045405 0.00045405 0.00045405 0.00045405 0.00045405 0.00045405\n",
      " 0.00045405 0.00045405 0.00045405 0.00045405 0.00045405 0.00045405\n",
      " 0.00045405 0.00045405 0.00045405 0.00045405 0.00045405 0.00045405\n",
      " 0.00045405 0.00045405 0.00045405 0.00045405 0.00045405 0.00045405\n",
      " 0.00045405 0.00045405 0.00045405 0.00045405 0.00045405 0.00045405\n",
      " 0.00045405 0.00045405 0.00045405 0.00045405 0.00045405 0.00045405\n",
      " 0.00045405 0.00045405 0.00045405 0.00045405 0.00045405 0.00045405\n",
      " 0.00045405 0.00045405 0.00045405 0.04540525 0.04540525 0.04540525\n",
      " 0.04540525 0.04540525 0.00045405 0.00045405 0.00045405 0.00045405\n",
      " 0.00045405 0.04540525 0.04540525 0.04540525 0.04540525 0.04540525\n",
      " 0.00045405 0.00045405 0.00045405 0.00045405 0.00045405 0.04540525\n",
      " 0.04540525 0.04540525 0.04540525 0.04540525 0.00045405 0.00045405\n",
      " 0.00045405 0.00045405 0.00045405 0.04540525 0.04540525 0.04540525\n",
      " 0.04540525 0.04540525 0.00045405 0.00045405 0.00045405 0.00045405\n",
      " 0.00045405 0.04540525 0.04540525 0.04540525 0.04540525 0.04540525\n",
      " 0.00045405 0.00045405 0.00045405 0.00045405 0.00045405 0.00045405\n",
      " 0.00045405 0.00045405 0.00045405 0.00045405 0.00045405 0.00045405\n",
      " 0.00045405 0.00045405 0.00045405 0.00045405 0.00045405 0.00045405\n",
      " 0.00045405 0.00045405 0.00045405 0.00045405]\n"
     ]
    }
   ],
   "source": [
    "class point:\n",
    "    def __init__(self, x, y, z, w):\n",
    "        self.x = x\n",
    "        self.y = y\n",
    "        self.z = z\n",
    "        self.weight = w\n",
    "\n",
    "mesh1 = np.zeros((1000), point)\n",
    "alpha1 = np.zeros(1000)\n",
    "\n",
    "for i in range(10):\n",
    "    for j in range(10):\n",
    "        for k in range(10):\n",
    "            mesh1[i*100+j*10+k] = point(i,j,k,1)\n",
    "            alpha1[i*100+j*10+k] = 1\n",
    "\n",
    "mesh2 = np.zeros(1000, point)\n",
    "alpha2 = np.zeros(1000)\n",
    "r = 5\n",
    "\n",
    "for i in range(10):\n",
    "    for j in range(10):\n",
    "        for k in range(10):\n",
    "            if np.linalg.norm([i - 5, j - 5.,k - 5.]) < r :\n",
    "                mesh2[i*100+j*10+k] = point(i,j,k,1)\n",
    "                alpha2[i*100+j*10+k] = 1\n",
    "            else : \n",
    "                mesh2[i*100+j*10+k] = point(i,j,k,0)\n",
    "                alpha2[i*100+j*10+k] = 0.01\n",
    "\n",
    "alpha1 = alpha1/np.linalg.norm(alpha1)\n",
    "alpha2 = alpha2/np.linalg.norm(alpha2)\n",
    "print(alpha2)"
   ]
  },
  {
   "cell_type": "code",
   "execution_count": 71,
   "metadata": {},
   "outputs": [],
   "source": [
    "def kernel(n1, n2, gamma): \n",
    "    a = np.zeros((n1, n2))\n",
    "    min = np.infty\n",
    "    for i1 in range(n1):\n",
    "        for i2 in range(n2):\n",
    "            if min > -np.linalg.norm([mesh1[i1].x - mesh2[i2].x, mesh1[i1].y - mesh2[i2].y, mesh1[i1].z - mesh2[i2].z])**2 / gamma:\n",
    "                min = -np.linalg.norm([mesh1[i1].x - mesh2[i2].x, mesh1[i1].y - mesh2[i2].y, mesh1[i1].z - mesh2[i2].z])**2 / gamma\n",
    "            a[i1,i2] = np.exp(-np.linalg.norm([mesh1[i1].x/10 - mesh2[i2].x/10, mesh1[i1].y/10 - mesh2[i2].y/10, mesh1[i1].z/10 - mesh2[i2].z/10])**2 / gamma)\n",
    "            # if a[i1,i2] == 0 : \n",
    "                # print(-np.linalg.norm([mesh1[i1].x - mesh2[i2].x, mesh1[i1].y - mesh2[i2].y, mesh1[i1].z - mesh2[i2].z])**2 / gamma)\n",
    "                # return a\n",
    "    print(min)\n",
    "    return a"
   ]
  },
  {
   "cell_type": "code",
   "execution_count": 72,
   "metadata": {},
   "outputs": [
    {
     "name": "stdout",
     "output_type": "stream",
     "text": [
      "-2430.0\n"
     ]
    }
   ],
   "source": [
    "n1 = 1000\n",
    "n2 = 1000\n",
    "gamma = 0.1\n",
    "Ht = kernel(n1, n2, gamma)\n",
    "a = 1/(n1)"
   ]
  },
  {
   "cell_type": "code",
   "execution_count": 73,
   "metadata": {},
   "outputs": [
    {
     "name": "stdout",
     "output_type": "stream",
     "text": [
      "[]\n"
     ]
    }
   ],
   "source": [
    "print(Ht[Ht==0])"
   ]
  },
  {
   "cell_type": "code",
   "execution_count": 79,
   "metadata": {},
   "outputs": [],
   "source": [
    "mu = Wasserstein_barycentre((alpha1, alpha2), (0.5, 0.5), Ht, a, N=2)\n"
   ]
  },
  {
   "cell_type": "code",
   "execution_count": 80,
   "metadata": {},
   "outputs": [
    {
     "name": "stdout",
     "output_type": "stream",
     "text": [
      "[0.00747796 0.00967299 0.01139611 0.01252768 0.01314441 0.01335628\n",
      " 0.01314085 0.01232426 0.01074719 0.00848749 0.00967299 0.01261545\n",
      " 0.01496243 0.01652608 0.01738795 0.01768861 0.01740197 0.01630463\n",
      " 0.01419506 0.01118718 0.01139611 0.01496243 0.0178376  0.01976995\n",
      " 0.02084191 0.02122037 0.0208787  0.01955442 0.01701155 0.01339314\n",
      " 0.01252768 0.01652608 0.01976995 0.02196004 0.02317872 0.02361257\n",
      " 0.02323652 0.02176215 0.01892905 0.0148985  0.01314441 0.01738795\n",
      " 0.02084191 0.02317872 0.02448061 0.0249461  0.02455196 0.02299553\n",
      " 0.02000232 0.01574292 0.01335628 0.01768861 0.02122037 0.02361257\n",
      " 0.0249461  0.02542307 0.0250209  0.02343242 0.02037921 0.01603652\n",
      " 0.01314085 0.01740197 0.0208787  0.02323652 0.02455196 0.0250209\n",
      " 0.02461981 0.02304753 0.02003366 0.01575496 0.01232426 0.01630463\n",
      " 0.01955442 0.02176215 0.02299553 0.02343242 0.02304753 0.02156018\n",
      " 0.01872296 0.01470853 0.01074719 0.01419506 0.01701155 0.01892905\n",
      " 0.02000232 0.02037921 0.02003366 0.01872296 0.01623876 0.01273938\n",
      " 0.00848749 0.01118718 0.01339314 0.0148985  0.01574292 0.01603652\n",
      " 0.01575496 0.01470853 0.01273938 0.00997919 0.00967299 0.01261545\n",
      " 0.01496243 0.01652608 0.01738795 0.01768861 0.01740197 0.01630463\n",
      " 0.01419506 0.01118718 0.01261545 0.01654984 0.01971005 0.02182413\n",
      " 0.02299244 0.02340659 0.02303973 0.02159867 0.01881398 0.01483329\n",
      " 0.01496243 0.01971005 0.02353396 0.02609186 0.02750449 0.02801237\n",
      " 0.02759252 0.0258939  0.02258464 0.01783011 0.01652608 0.02182413\n",
      " 0.02609186 0.02894039 0.03050994 0.03108039 0.03063498 0.02878224\n",
      " 0.0251415  0.01988116 0.01738795 0.02299244 0.02750449 0.03050994\n",
      " 0.03216249 0.03276691 0.03231157 0.03038196 0.0265673  0.02103356\n",
      " 0.01768861 0.02340659 0.02801237 0.03108039 0.03276691 0.03338431\n",
      " 0.03292254 0.03095972 0.02707625 0.02143969 0.01740197 0.02303973\n",
      " 0.02759252 0.03063498 0.03231157 0.03292254 0.03245527 0.03049734\n",
      " 0.02664459 0.02107356 0.01630463 0.02159867 0.0258939  0.02878224\n",
      " 0.03038196 0.03095972 0.03049734 0.02861338 0.02494622 0.01968364\n",
      " 0.01419506 0.01881398 0.02258464 0.0251415  0.0265673  0.02707625\n",
      " 0.02664459 0.02494622 0.02168688 0.01705662 0.01118718 0.01483329\n",
      " 0.01783011 0.01988116 0.02103356 0.02143969 0.02107356 0.01968364\n",
      " 0.01705662 0.01336594 0.01139611 0.01496243 0.0178376  0.01976995\n",
      " 0.02084191 0.02122037 0.0208787  0.01955442 0.01701155 0.01339314\n",
      " 0.01496243 0.01971005 0.02353396 0.02609186 0.02750449 0.02801237\n",
      " 0.02759252 0.0258939  0.02258464 0.01783011 0.0178376  0.02353396\n",
      " 0.02810139 0.03113181 0.03279331 0.03340119 0.03294256 0.03099001\n",
      " 0.02711697 0.02148467 0.01976995 0.02609186 0.03113181 0.03444593\n",
      " 0.03624862 0.03691792 0.03645331 0.03437196 0.03016931 0.02398489\n",
      " 0.02084191 0.02750449 0.03279331 0.03624862 0.03811708 0.03881727\n",
      " 0.03835809 0.03622424 0.03186143 0.02538857 0.02122037 0.02801237\n",
      " 0.03340119 0.03691792 0.03881727 0.03953022 0.03906856 0.03690647\n",
      " 0.03247482 0.02588906 0.0208787  0.02759252 0.03294256 0.03645331\n",
      " 0.03835809 0.03906856 0.03859171 0.03641495 0.0319937  0.02546258\n",
      " 0.01955442 0.0258939  0.03099001 0.03437196 0.03622424 0.03690647\n",
      " 0.03641495 0.03427897 0.03001972 0.02380541 0.01701155 0.02258464\n",
      " 0.02711697 0.03016931 0.03186143 0.03247482 0.0319937  0.03001972\n",
      " 0.02617368 0.02065241 0.01339314 0.01783011 0.02148467 0.02398489\n",
      " 0.02538857 0.02588906 0.02546258 0.02380541 0.02065241 0.01620375\n",
      " 0.01252768 0.01652608 0.01976995 0.02196004 0.02317872 0.02361257\n",
      " 0.02323652 0.02176215 0.01892905 0.0148985  0.01652608 0.02182413\n",
      " 0.02609186 0.02894039 0.03050994 0.03108039 0.03063498 0.02878224\n",
      " 0.0251415  0.01988116 0.01976995 0.02609186 0.03113181 0.03444593\n",
      " 0.03624862 0.03691792 0.03645331 0.03437196 0.03016931 0.02398489\n",
      " 0.02196004 0.02894039 0.03444593 0.03801201 0.03992597 0.0406503\n",
      " 0.04020293 0.03803288 0.03353043 0.02678697 0.02317872 0.03050994\n",
      " 0.03624862 0.03992597 0.0418803  0.04262943 0.04220502 0.04001523\n",
      " 0.03538201 0.02835716 0.02361257 0.03108039 0.03691792 0.0406503\n",
      " 0.04262943 0.04339005 0.04296797 0.04075808 0.03606177 0.02892198\n",
      " 0.02323652 0.03063498 0.03645331 0.04020293 0.04220502 0.04296797\n",
      " 0.04252052 0.0402743  0.03556399 0.02846188 0.02176215 0.02878224\n",
      " 0.03437196 0.03803288 0.04001523 0.04075808 0.0402743  0.03802685\n",
      " 0.03343784 0.02663615 0.01892905 0.0251415  0.03016931 0.03353043\n",
      " 0.03538201 0.03606177 0.03556399 0.03343784 0.02923431 0.02313885\n",
      " 0.0148985  0.01988116 0.02398489 0.02678697 0.02835716 0.02892198\n",
      " 0.02846188 0.02663615 0.02313885 0.01818142 0.01314441 0.01738795\n",
      " 0.02084191 0.02317872 0.02448061 0.0249461  0.02455196 0.02299553\n",
      " 0.02000232 0.01574292 0.01738795 0.02299244 0.02750449 0.03050994\n",
      " 0.03216249 0.03276691 0.03231157 0.03038196 0.0265673  0.02103356\n",
      " 0.02084191 0.02750449 0.03279331 0.03624862 0.03811708 0.03881727\n",
      " 0.03835809 0.03622424 0.03186143 0.02538857 0.02317872 0.03050994\n",
      " 0.03624862 0.03992597 0.0418803  0.04262943 0.04220502 0.04001523\n",
      " 0.03538201 0.02835716 0.02448061 0.03216249 0.03811708 0.0418803\n",
      " 0.0438546  0.04462333 0.04423496 0.04205112 0.03731259 0.03001794\n",
      " 0.0249461  0.03276691 0.03881727 0.04262943 0.04462333 0.04540236\n",
      " 0.04501997 0.04282272 0.0380269  0.03061835 0.02455196 0.03231157\n",
      " 0.03835809 0.04220502 0.04423496 0.04501997 0.04460484 0.04235526\n",
      " 0.037527   0.03014242 0.02299553 0.03038196 0.03622424 0.04001523\n",
      " 0.04205112 0.04282272 0.04235526 0.04007209 0.03533131 0.02822826\n",
      " 0.02000232 0.0265673  0.03186143 0.03538201 0.03731259 0.0380269\n",
      " 0.037527   0.03533131 0.03094656 0.02454468 0.01574292 0.02103356\n",
      " 0.02538857 0.02835716 0.03001794 0.03061835 0.03014242 0.02822826\n",
      " 0.02454468 0.01930635 0.01335628 0.01768861 0.02122037 0.02361257\n",
      " 0.0249461  0.02542307 0.0250209  0.02343242 0.02037921 0.01603652\n",
      " 0.01768861 0.02340659 0.02801237 0.03108039 0.03276691 0.03338431\n",
      " 0.03292254 0.03095972 0.02707625 0.02143969 0.02122037 0.02801237\n",
      " 0.03340119 0.03691792 0.03881727 0.03953022 0.03906856 0.03690647\n",
      " 0.03247482 0.02588906 0.02361257 0.03108039 0.03691792 0.0406503\n",
      " 0.04262943 0.04339005 0.04296797 0.04075808 0.03606177 0.02892198\n",
      " 0.0249461  0.03276691 0.03881727 0.04262943 0.04462333 0.04540236\n",
      " 0.04501997 0.04282272 0.0380269  0.03061835 0.02542307 0.03338431\n",
      " 0.03953022 0.04339005 0.04540236 0.04619145 0.04581603 0.04360698\n",
      " 0.03875496 0.03123196 0.0250209  0.03292254 0.03906856 0.04296797\n",
      " 0.04501997 0.04581603 0.04540569 0.04313977 0.03825032 0.03074799\n",
      " 0.02343242 0.03095972 0.03690647 0.04075808 0.04282272 0.04360698\n",
      " 0.04313977 0.04083161 0.03602145 0.02879768 0.02037921 0.02707625\n",
      " 0.03247482 0.03606177 0.0380269  0.03875496 0.03825032 0.03602145\n",
      " 0.03156196 0.02504248 0.01603652 0.02143969 0.02588906 0.02892198\n",
      " 0.03061835 0.03123196 0.03074799 0.02879768 0.02504248 0.01970028\n",
      " 0.01314085 0.01740197 0.0208787  0.02323652 0.02455196 0.0250209\n",
      " 0.02461981 0.02304753 0.02003366 0.01575496 0.01740197 0.02303973\n",
      " 0.02759252 0.03063498 0.03231157 0.03292254 0.03245527 0.03049734\n",
      " 0.02664459 0.02107356 0.0208787  0.02759252 0.03294256 0.03645331\n",
      " 0.03835809 0.03906856 0.03859171 0.03641495 0.0319937  0.02546258\n",
      " 0.02323652 0.03063498 0.03645331 0.04020293 0.04220502 0.04296797\n",
      " 0.04252052 0.0402743  0.03556399 0.02846188 0.02455196 0.03231157\n",
      " 0.03835809 0.04220502 0.04423496 0.04501997 0.04460484 0.04235526\n",
      " 0.037527   0.03014242 0.0250209  0.03292254 0.03906856 0.04296797\n",
      " 0.04501997 0.04581603 0.04540569 0.04313977 0.03825032 0.03074799\n",
      " 0.02461981 0.03245527 0.03859171 0.04252052 0.04460484 0.04540569\n",
      " 0.0449643  0.04265035 0.03773429 0.03026185 0.02304753 0.03049734\n",
      " 0.03641495 0.0402743  0.04235526 0.04313977 0.04265035 0.04031362\n",
      " 0.0354998  0.02832376 0.02003366 0.02664459 0.0319937  0.03556399\n",
      " 0.037527   0.03825032 0.03773429 0.0354998  0.03106231 0.02460803\n",
      " 0.01575496 0.02107356 0.02546258 0.02846188 0.03014242 0.03074799\n",
      " 0.03026185 0.02832376 0.02460803 0.01933829 0.01232426 0.01630463\n",
      " 0.01955442 0.02176215 0.02299553 0.02343242 0.02304753 0.02156018\n",
      " 0.01872296 0.01470853 0.01630463 0.02159867 0.0258939  0.02878224\n",
      " 0.03038196 0.03095972 0.03049734 0.02861338 0.02494622 0.01968364\n",
      " 0.01955442 0.0258939  0.03099001 0.03437196 0.03622424 0.03690647\n",
      " 0.03641495 0.03427897 0.03001972 0.02380541 0.02176215 0.02878224\n",
      " 0.03437196 0.03803288 0.04001523 0.04075808 0.0402743  0.03802685\n",
      " 0.03343784 0.02663615 0.02299553 0.03038196 0.03622424 0.04001523\n",
      " 0.04205112 0.04282272 0.04235526 0.04007209 0.03533131 0.02822826\n",
      " 0.02343242 0.03095972 0.03690647 0.04075808 0.04282272 0.04360698\n",
      " 0.04313977 0.04083161 0.03602145 0.02879768 0.02304753 0.03049734\n",
      " 0.03641495 0.0402743  0.04235526 0.04313977 0.04265035 0.04031362\n",
      " 0.0354998  0.02832376 0.02156018 0.02861338 0.03427897 0.03802685\n",
      " 0.04007209 0.04083161 0.04031362 0.03799445 0.0333265  0.02647404\n",
      " 0.01872296 0.02494622 0.03001972 0.03343784 0.03533131 0.03602145\n",
      " 0.0354998  0.0333265  0.02907562 0.02295809 0.01470853 0.01968364\n",
      " 0.02380541 0.02663615 0.02822826 0.02879768 0.02832376 0.02647404\n",
      " 0.02295809 0.0180029  0.01074719 0.01419506 0.01701155 0.01892905\n",
      " 0.02000232 0.02037921 0.02003366 0.01872296 0.01623876 0.01273938\n",
      " 0.01419506 0.01881398 0.02258464 0.0251415  0.0265673  0.02707625\n",
      " 0.02664459 0.02494622 0.02168688 0.01705662 0.01701155 0.02258464\n",
      " 0.02711697 0.03016931 0.03186143 0.03247482 0.0319937  0.03001972\n",
      " 0.02617368 0.02065241 0.01892905 0.0251415  0.03016931 0.03353043\n",
      " 0.03538201 0.03606177 0.03556399 0.03343784 0.02923431 0.02313885\n",
      " 0.02000232 0.0265673  0.03186143 0.03538201 0.03731259 0.0380269\n",
      " 0.037527   0.03533131 0.03094656 0.02454468 0.02037921 0.02707625\n",
      " 0.03247482 0.03606177 0.0380269  0.03875496 0.03825032 0.03602145\n",
      " 0.03156196 0.02504248 0.02003366 0.02664459 0.0319937  0.03556399\n",
      " 0.037527   0.03825032 0.03773429 0.0354998  0.03106231 0.02460803\n",
      " 0.01872296 0.02494622 0.03001972 0.03343784 0.03533131 0.03602145\n",
      " 0.0354998  0.0333265  0.02907562 0.02295809 0.01623876 0.02168688\n",
      " 0.02617368 0.02923431 0.03094656 0.03156196 0.03106231 0.02907562\n",
      " 0.02526496 0.01985769 0.01273938 0.01705662 0.02065241 0.02313885\n",
      " 0.02454468 0.02504248 0.02460803 0.02295809 0.01985769 0.01552534\n",
      " 0.00848749 0.01118718 0.01339314 0.0148985  0.01574292 0.01603652\n",
      " 0.01575496 0.01470853 0.01273938 0.00997919 0.01118718 0.01483329\n",
      " 0.01783011 0.01988116 0.02103356 0.02143969 0.02107356 0.01968364\n",
      " 0.01705662 0.01336594 0.01339314 0.01783011 0.02148467 0.02398489\n",
      " 0.02538857 0.02588906 0.02546258 0.02380541 0.02065241 0.01620375\n",
      " 0.0148985  0.01988116 0.02398489 0.02678697 0.02835716 0.02892198\n",
      " 0.02846188 0.02663615 0.02313885 0.01818142 0.01574292 0.02103356\n",
      " 0.02538857 0.02835716 0.03001794 0.03061835 0.03014242 0.02822826\n",
      " 0.02454468 0.01930635 0.01603652 0.02143969 0.02588906 0.02892198\n",
      " 0.03061835 0.03123196 0.03074799 0.02879768 0.02504248 0.01970028\n",
      " 0.01575496 0.02107356 0.02546258 0.02846188 0.03014242 0.03074799\n",
      " 0.03026185 0.02832376 0.02460803 0.01933829 0.01470853 0.01968364\n",
      " 0.02380541 0.02663615 0.02822826 0.02879768 0.02832376 0.02647404\n",
      " 0.02295809 0.0180029  0.01273938 0.01705662 0.02065241 0.02313885\n",
      " 0.02454468 0.02504248 0.02460803 0.02295809 0.01985769 0.01552534\n",
      " 0.00997919 0.01336594 0.01620375 0.01818142 0.01930635 0.01970028\n",
      " 0.01933829 0.0180029  0.01552534 0.01209653]\n"
     ]
    }
   ],
   "source": [
    "print(mu)"
   ]
  },
  {
   "cell_type": "code",
   "execution_count": 96,
   "metadata": {},
   "outputs": [],
   "source": [
    "def mu_coords(mu):\n",
    "    n = len(mu)\n",
    "    m = int(n**(1/3))\n",
    "    Coord = np.zeros(shape = (m,m,m))\n",
    "    for i in range(m):\n",
    "        for j in range(m):\n",
    "            for k in range(m):\n",
    "                Coord[i,j,k] = mu[i*100 + j*10 + k]\n",
    "    return Coord\n",
    "        "
   ]
  },
  {
   "cell_type": "code",
   "execution_count": 97,
   "metadata": {},
   "outputs": [
    {
     "name": "stdout",
     "output_type": "stream",
     "text": [
      "[[[0.00747796 0.00967299 0.01139611 0.01252768 0.01314441 0.01335628\n",
      "   0.01314085 0.01232426 0.01074719]\n",
      "  [0.00967299 0.01261545 0.01496243 0.01652608 0.01738795 0.01768861\n",
      "   0.01740197 0.01630463 0.01419506]\n",
      "  [0.01139611 0.01496243 0.0178376  0.01976995 0.02084191 0.02122037\n",
      "   0.0208787  0.01955442 0.01701155]\n",
      "  [0.01252768 0.01652608 0.01976995 0.02196004 0.02317872 0.02361257\n",
      "   0.02323652 0.02176215 0.01892905]\n",
      "  [0.01314441 0.01738795 0.02084191 0.02317872 0.02448061 0.0249461\n",
      "   0.02455196 0.02299553 0.02000232]\n",
      "  [0.01335628 0.01768861 0.02122037 0.02361257 0.0249461  0.02542307\n",
      "   0.0250209  0.02343242 0.02037921]\n",
      "  [0.01314085 0.01740197 0.0208787  0.02323652 0.02455196 0.0250209\n",
      "   0.02461981 0.02304753 0.02003366]\n",
      "  [0.01232426 0.01630463 0.01955442 0.02176215 0.02299553 0.02343242\n",
      "   0.02304753 0.02156018 0.01872296]\n",
      "  [0.01074719 0.01419506 0.01701155 0.01892905 0.02000232 0.02037921\n",
      "   0.02003366 0.01872296 0.01623876]]\n",
      "\n",
      " [[0.00967299 0.01261545 0.01496243 0.01652608 0.01738795 0.01768861\n",
      "   0.01740197 0.01630463 0.01419506]\n",
      "  [0.01261545 0.01654984 0.01971005 0.02182413 0.02299244 0.02340659\n",
      "   0.02303973 0.02159867 0.01881398]\n",
      "  [0.01496243 0.01971005 0.02353396 0.02609186 0.02750449 0.02801237\n",
      "   0.02759252 0.0258939  0.02258464]\n",
      "  [0.01652608 0.02182413 0.02609186 0.02894039 0.03050994 0.03108039\n",
      "   0.03063498 0.02878224 0.0251415 ]\n",
      "  [0.01738795 0.02299244 0.02750449 0.03050994 0.03216249 0.03276691\n",
      "   0.03231157 0.03038196 0.0265673 ]\n",
      "  [0.01768861 0.02340659 0.02801237 0.03108039 0.03276691 0.03338431\n",
      "   0.03292254 0.03095972 0.02707625]\n",
      "  [0.01740197 0.02303973 0.02759252 0.03063498 0.03231157 0.03292254\n",
      "   0.03245527 0.03049734 0.02664459]\n",
      "  [0.01630463 0.02159867 0.0258939  0.02878224 0.03038196 0.03095972\n",
      "   0.03049734 0.02861338 0.02494622]\n",
      "  [0.01419506 0.01881398 0.02258464 0.0251415  0.0265673  0.02707625\n",
      "   0.02664459 0.02494622 0.02168688]]\n",
      "\n",
      " [[0.01139611 0.01496243 0.0178376  0.01976995 0.02084191 0.02122037\n",
      "   0.0208787  0.01955442 0.01701155]\n",
      "  [0.01496243 0.01971005 0.02353396 0.02609186 0.02750449 0.02801237\n",
      "   0.02759252 0.0258939  0.02258464]\n",
      "  [0.0178376  0.02353396 0.02810139 0.03113181 0.03279331 0.03340119\n",
      "   0.03294256 0.03099001 0.02711697]\n",
      "  [0.01976995 0.02609186 0.03113181 0.03444593 0.03624862 0.03691792\n",
      "   0.03645331 0.03437196 0.03016931]\n",
      "  [0.02084191 0.02750449 0.03279331 0.03624862 0.03811708 0.03881727\n",
      "   0.03835809 0.03622424 0.03186143]\n",
      "  [0.02122037 0.02801237 0.03340119 0.03691792 0.03881727 0.03953022\n",
      "   0.03906856 0.03690647 0.03247482]\n",
      "  [0.0208787  0.02759252 0.03294256 0.03645331 0.03835809 0.03906856\n",
      "   0.03859171 0.03641495 0.0319937 ]\n",
      "  [0.01955442 0.0258939  0.03099001 0.03437196 0.03622424 0.03690647\n",
      "   0.03641495 0.03427897 0.03001972]\n",
      "  [0.01701155 0.02258464 0.02711697 0.03016931 0.03186143 0.03247482\n",
      "   0.0319937  0.03001972 0.02617368]]\n",
      "\n",
      " [[0.01252768 0.01652608 0.01976995 0.02196004 0.02317872 0.02361257\n",
      "   0.02323652 0.02176215 0.01892905]\n",
      "  [0.01652608 0.02182413 0.02609186 0.02894039 0.03050994 0.03108039\n",
      "   0.03063498 0.02878224 0.0251415 ]\n",
      "  [0.01976995 0.02609186 0.03113181 0.03444593 0.03624862 0.03691792\n",
      "   0.03645331 0.03437196 0.03016931]\n",
      "  [0.02196004 0.02894039 0.03444593 0.03801201 0.03992597 0.0406503\n",
      "   0.04020293 0.03803288 0.03353043]\n",
      "  [0.02317872 0.03050994 0.03624862 0.03992597 0.0418803  0.04262943\n",
      "   0.04220502 0.04001523 0.03538201]\n",
      "  [0.02361257 0.03108039 0.03691792 0.0406503  0.04262943 0.04339005\n",
      "   0.04296797 0.04075808 0.03606177]\n",
      "  [0.02323652 0.03063498 0.03645331 0.04020293 0.04220502 0.04296797\n",
      "   0.04252052 0.0402743  0.03556399]\n",
      "  [0.02176215 0.02878224 0.03437196 0.03803288 0.04001523 0.04075808\n",
      "   0.0402743  0.03802685 0.03343784]\n",
      "  [0.01892905 0.0251415  0.03016931 0.03353043 0.03538201 0.03606177\n",
      "   0.03556399 0.03343784 0.02923431]]\n",
      "\n",
      " [[0.01314441 0.01738795 0.02084191 0.02317872 0.02448061 0.0249461\n",
      "   0.02455196 0.02299553 0.02000232]\n",
      "  [0.01738795 0.02299244 0.02750449 0.03050994 0.03216249 0.03276691\n",
      "   0.03231157 0.03038196 0.0265673 ]\n",
      "  [0.02084191 0.02750449 0.03279331 0.03624862 0.03811708 0.03881727\n",
      "   0.03835809 0.03622424 0.03186143]\n",
      "  [0.02317872 0.03050994 0.03624862 0.03992597 0.0418803  0.04262943\n",
      "   0.04220502 0.04001523 0.03538201]\n",
      "  [0.02448061 0.03216249 0.03811708 0.0418803  0.0438546  0.04462333\n",
      "   0.04423496 0.04205112 0.03731259]\n",
      "  [0.0249461  0.03276691 0.03881727 0.04262943 0.04462333 0.04540236\n",
      "   0.04501997 0.04282272 0.0380269 ]\n",
